0 0.304313 0.066332 0.081470 0.006581
0 0.215256 0.268791 0.027955 0.005542
0 0.365016 0.709041 0.231629 0.005542
0 0.489217 0.686006 0.091853 0.009352
0 0.501997 0.676394 0.077476 0.005023
0 0.525160 0.646259 0.045527 0.004330
0 0.534345 0.529442 0.057508 0.004849
0 0.561502 0.449255 0.052716 0.004503
0 0.811901 0.287755 0.083866 0.007447
0 0.826677 0.281088 0.054313 0.005196
0 0.794329 0.153620 0.018371 0.007967
0 0.393371 0.678039 0.288339 0.011084
0 0.420927 0.641583 0.268371 0.006754
0 0.480032 0.533859 0.325879 0.004330
0 0.495607 0.502684 0.326677 0.004676
0 0.476837 0.452113 0.255591 0.006408
0 0.637380 0.336076 0.327476 0.026498
0 0.657348 0.317891 0.327476 0.020610
0 0.690895 0.277018 0.311502 0.020610
0 0.458466 0.714236 0.073482 0.006928
0 0.376198 0.736578 0.297125 0.004503
0 0.377796 0.739522 0.033546 0.003464
0 0.609824 0.538362 0.088658 0.005369
0 0.252396 0.250087 0.023962 0.005196
0 0.720447 0.159335 0.188498 0.015241
0 0.088259 0.957915 0.031150 0.003810
0 0.324681 0.188777 0.027955 0.002425
0 0.321086 0.185140 0.027157 0.002425
0 0.576278 0.381018 0.390575 0.018012
0 0.612220 0.529962 0.063099 0.005542
0 0.454073 0.555681 0.272364 0.007101
0 0.473243 0.742466 0.112620 0.007967
0 0.451278 0.919813 0.038339 0.004849
0 0.363818 0.927520 0.238818 0.013682
0 0.450080 0.853481 0.042332 0.004157
0 0.360623 0.857291 0.219649 0.003810
0 0.620208 0.771389 0.045527 0.013855
0 0.457668 0.777277 0.052716 0.005196
0 0.334265 0.771822 0.304313 0.006408
0 0.737220 0.226273 0.225240 0.011257